24 398 29 14
25 142 31 17
40 217 30 26
44 254 12 19
45 268 5 10
46 396 4 20
48 282 23 26
50 85 10 4
50 360 11 16
50 191 14 11
50 292 16 15
50 41 26 30
50 57 24 27
50 373 27 26
50 323 16 27
50 134 24 11
50 107 30 19
50 132 26 31
50 288 15 3
50 173 29 17
50 65 10 18
50 371 4 18
50 286 7 31
50 237 3 20
50 172 19 8
50 104 7 27
50 26 20 22
50 253 3 3
50 86 30 2
50 368 30 27
50 371 17 9
50 120 29 22
50 306 9 15
50 348 21 23
50 52 11 20
50 259 19 21
50 107 8 1
50 69 23 8
50 97 11 14
50 61 26 5
50 33 27 19
50 23 4 21
50 320 27 19
50 210 3 12
50 28 20 1
50 104 23 4
50 117 24 26
50 357 1 18
50 327 4 27
50 45 8 3
50 189 14 6
50 267 15 2
50 368 13 7
50 193 29 24
50 301 6 23
50 39 26 22
50 92 11 17
50 70 20 30
50 350 6 1
50 358 14 29
50 342 12 13
50 88 18 23
50 244 24 3
50 388 2 18
50 79 8 25
50 190 20 10
50 312 31 29
50 376 10 13
50 343 3 1
50 367 11 6
50 124 21 15
50 373 29 22
50 26 13 28
50 349 23 2
50 238 3 9
50 238 17 29
50 297 20 25
50 29 16 11
50 249 2 26
50 106 18 31
50 381 5 1
50 357 14 11
50 119 1 23
50 355 17 20
50 107 4 20
50 164 9 23
50 61 16 28
50 331 3 1
50 241 26 26
50 141 5 21
50 68 28 5
50 19 2 2
50 358 9 18
50 197 31 19
50 393 31 23
50 374 21 29
50 337 14 12
50 116 13 19
50 14 5 5
50 180 11 26
50 377 3 11
50 31 9 6
50 308 10 12
50 290 5 10
50 254 24 8
50 167 6 28
50 164 13 27
50 163 14 4
50 297 30 16
50 182 27 26
50 73 16 4
50 228 2 10
50 386 22 29
50 95 21 19
50 337 3 3
50 111 24 8
50 207 1 4
50 294 17 10
50 260 26 19
50 226 3 12
50 143 19 25
50 230 7 12
50 42 27 28
50 279 15 25
50 70 16 13
50 116 21 2
50 329 5 4
50 244 13 12
