45 371 25 25
63 397 11 9
128 365 15 24
192 63 10 7
243 83 18 29
274 146 27 2
283 250 12 5
382 128 10 30
401 387 5 10
478 192 11 27
488 350 28 25
492 165 11 8
499 365 9 2
500 110 1 22
500 39 26 20
500 341 16 8
500 269 19 15
500 381 14 17
500 50 3 26
500 34 18 20
500 124 6 30
500 69 5 16
500 158 2 9
500 132 18 11
500 97 12 11
500 102 15 26
500 109 4 3
500 240 7 27
500 228 15 11
500 139 3 6
500 325 20 7
500 131 22 26
500 352 10 27
500 256 29 31
500 170 12 13
500 257 21 16
500 377 2 12
500 315 3 8
500 333 14 24
500 253 12 5
500 302 10 26
500 313 27 1
500 87 26 23
500 188 16 16
500 332 18 17
500 349 18 18
500 367 30 18
500 220 25 13
500 305 12 13
500 107 24 31
