PREPRIO 4
0000:    0  400   50   50 2 |  1738  1738   140  1270
0001:    0  300   40   40 4 |  1052  1052    71   721
0002:    1  200   30   50 2 |  1632  1631   108  1359
0003:    1  301   20   10 4 |  1623  1622   157  1195
0004:    9  302   20   20 4 |  1053  1044   210   568
0005:   10  303   15   30 1 |  2663  2653   596  1754
0006:   10  304    5   40 3 |   969   959   514   200
0007:   11  305   20   40 3 |  1451  1440   251   919
0008:   20  306   20   10 3 |  1451  1431   126  1048
0009:   50  307   20   10 1 |  2083  2033    79  1692
SUM: 2663 113.71 80.85 1560.30 1072.60 0.376
