PREPRIO 2
0000:    0  400   50   50 2 |  1972  1972   103  1509
0001:    0  300   40   40 5 |  1263  1263   163   805
0002:    1  200   30   50 3 |  1972  1971   340  1438
0003:    1  301   20   10 2 |  1758  1757    91  1387
0004:    9  302   20   20 5 |  1263  1254   224   736
0005:   10  303   15   30 2 |  2339  2329   281  1785
0006:   10  304    5   40 2 |  1568  1558   507   783
0007:   11  305   20   40 4 |  2684  2673   539  1829
0008:   20  306   20   10 2 |  2146  2126    68  1797
0009:   50  307   20   10 1 |  2547  2497    49  2190
SUM: 2684 112.82 86.81 1940.00 1425.90 0.373
